1.0 0.0 0.0 0.0 0.0 -1.0 0.0 0.0 0.0 0.0 -1.0 0.0
0.9999029256685344 0.00551270450446463 0.012796457656396002 -0.0005092411884106696 0.005275901987386002 -0.9998155708910671 0.01846588914700581 0.08158084005117416 0.012895894607392577 -0.018396583726781067 -0.9997475989515848 -0.09286480396986008
0.9996378760868562 0.010149481957822011 0.024921972404831065 -0.08774979412555695 0.009154790580437444 -0.9991694272073907 0.03970699615286037 0.1283290982246399 0.025304278333666212 -0.03946446186181664 -0.9989005204463405 -0.16211959719657898
0.9990732223075617 0.01574946791907701 0.04005809191975486 -0.20675358176231384 0.013199500572118132 -0.9979171841053257 0.06314322490928576 0.15677805244922638 0.040969130484209915 -0.06255595836979844 -0.9972002218310042 -0.19082820415496826
0.9982292750759157 0.021870912155311086 0.05531706412045412 -0.3172689974308014 0.01694620183167587 -0.9959781480760207 0.08797928619021857 0.17487147450447083 0.05701877431944563 -0.08688608494203744 -0.9945851736370058 -0.20708829164505005
0.9971109429062468 0.02811142732749219 0.07056567997423743 -0.4195839762687683 0.019948626355562455 -0.9933005764631764 0.113824501336256 0.18592454493045807 0.07329269979432829 -0.11208796746989531 -0.9909916587465941 -0.2345476746559143
0.9957185175046002 0.03403971878257187 0.08594144194534298 -0.5114547610282898 0.021673322726535823 -0.9897828415030354 0.14092619965133737 0.19160546362400055 0.08986045281675784 -0.13846018998752166 -0.9862828574035882 -0.24982304871082306
0.994042114948336 0.041920635809624365 0.10061279243891245 -0.592549204826355 0.024514086069188937 -0.9854171259778688 0.1683809591780175 0.20034262537956238 0.10620420562873788 -0.164911334124837 -0.980573770087664 -0.2667160630226135
0.9921805705952744 0.04885074596151118 0.11485347165949855 -0.6626390814781189 0.02574148166157844 -0.9805294545223211 0.1946775922802259 0.20263545215129852 0.12212735752116297 -0.19019882605621719 -0.9741197642547526 -0.2814146876335144
0.9899644320852881 0.05707083735834949 0.1292800940952246 -0.7255316972732544 0.027459044038571065 -0.9750729415163706 0.22017892638284156 0.2082940638065338 0.13862331732627495 -0.2144193980166668 -0.9668546414263259 -0.29417577385902405
0.9875896819288127 0.06544240132099406 0.14277223909811257 -0.7775493264198303 0.028859091411563162 -0.9691891433607839 0.24462125262227108 0.21569740772247314 0.15438190629295165 -0.23746514797109042 -0.9590498060624498 -0.30470356345176697
0.9852532364300316 0.07313305056707511 0.154685542371943 -0.8166983723640442 0.02941221138914033 -0.9629845973525978 0.2679469855827007 0.21711154282093048 0.1685555751832287 -0.25944599086593945 -0.9509346959167292 -0.31313684582710266
0.9827670799719543 0.08118943011708049 0.16606367140546505 -0.8467200398445129 0.030244681745917986 -0.9568982340026533 0.2888442988682516 0.21886129677295685 0.18235713791756739 -0.2788441252740811 -0.942863631736131 -0.32694751024246216
0.9804847306543328 0.08813215494731938 0.17573393587478248 -0.8660309314727783 0.030258618256525913 -0.9508873768664833 0.3080545609744878 0.21564677357673645 0.19425269361042669 -0.2967253271635576 -0.9349973108222148 -0.33882635831832886
0.9781853792426562 0.094294198131229 0.18509988664148128 -0.8814560770988464 0.02958016590452648 -0.9451890592774046 0.3251809588634545 0.21150557696819305 0.20561706549058953 -0.31261197421257475 -0.9273593564298335 -0.34387096762657166
0.9758394353674695 0.1015969444895587 0.19343075570364723 -0.8858810663223267 0.030815398947677257 -0.940460359602709 0.33850365316143755 0.2194046974182129 0.21630489492703123 -0.3243645678651243 -0.9208690566765056 -0.347709059715271
0.9739419366905188 0.10656757853979831 0.2002010368596667 -0.8990291953086853 0.03055660749870376 -0.9363394695332924 0.34976376532208553 0.2191285341978073 0.22472961018453233 -0.3345321344778057 -0.9151966200265554 -0.3488691747188568
0.9724946626244017 0.1111397916525044 0.2046999703920084 -0.9095689058303833 0.03277718072190446 -0.9353755116894767 0.35213393553529176 0.22138544917106628 0.23060743177741436 -0.33573888491368903 -0.9132905417039737 -0.3584846556186676
0.9712722448380595 0.11417416660566257 0.20879292633405752 -0.9309731125831604 0.03414017437704595 -0.9351656582129431 0.35256154100051545 0.21960382163524628 0.23550939450633737 -0.3353050124573977 -0.9121983741052178 -0.3648822605609894
0.9704779761404536 0.11640374081668392 0.2112407795625925 -0.9553535580635071 0.03528809544773667 -0.9349306161195154 0.353071513099053 0.2226102501153946 0.2385943170865579 -0.3351938426735575 -0.9114372384798273 -0.371582955121994
0.9703542002951853 0.11598067875588265 0.21204058131597517 -0.9891819953918457 0.034473220295282006 -0.9347827586595503 0.35354319565692993 0.2211420238018036 0.2392160593521365 -0.33575240322023914 -0.9110686037175628 -0.38001883029937744
0.9711148883673638 0.11395796245058412 0.2096412564009138 -1.0221985578536987 0.03604517377011685 -0.9385636299199586 0.3432186737917283 0.21379633247852325 0.23587415932891947 -0.3257482085684924 -0.9155607492544081 -0.3911825716495514
0.9720541744546749 0.11159749378276496 0.2065349396752178 -1.0629987716674805 0.03878546517191606 -0.9440372696031942 0.3275504866299911 0.21249830722808838 0.23153049392388514 -0.3103862641637861 -0.921983729466963 -0.40386465191841125
0.9737494064807298 0.10699972668748198 0.20090582835555157 -1.103089451789856 0.040846261420312224 -0.9504386717263767 0.3082173165397811 0.20538927614688873 0.22392783727444363 -0.29192017706181994 -0.9298596312980717 -0.4212285280227661
0.9756221038278772 0.10197579963624342 0.19432562057283106 -1.1531504392623901 0.04336583257442874 -0.9576055518305311 0.2847999502606535 0.20134559273719788 0.21512999578764877 -0.2694300343166902 -0.9386834085678268 -0.44152677059173584
0.9778022144676991 0.09628862411670976 0.18609494954934933 -1.2059524059295654 0.04591884268745734 -0.965038457198676 0.258054715155224 0.19812019169330597 0.2044365164746955 -0.24378120721932245 -0.948038202678764 -0.46751081943511963
0.9801897854096387 0.09006736742244097 0.17639686477995276 -1.2608826160430908 0.04815650314280738 -0.972271203950965 0.22884417661980655 0.19505321979522705 0.1921169846308824 -0.21581606820005655 -0.9573476322230109 -0.4887407720088959
0.9827689233498427 0.08254567019166496 0.16538275493654325 -1.3174866437911987 0.04918585568801244 -0.9792711305819997 0.19649123239699695 0.18762747943401337 0.17817405787047075 -0.18497098459288558 -0.9664573140913721 -0.5238184332847595
0.9851592154849328 0.07675297978064334 0.15352622004043626 -1.3728094100952148 0.05156119048845877 -0.9854739762989818 0.16181002958063923 0.19221718609333038 0.16371549645810918 -0.15149264712277832 -0.9748062443825484 -0.5636094808578491
0.9873945405069212 0.0699405500190266 0.14198711504978836 -1.4354455471038818 0.05201669268651715 -0.9906349221916292 0.12624070110840352 0.19745029509067535 0.14948673873987026 -0.11726367893521368 -0.9817855899041791 -0.6063563823699951
0.9897206085235122 0.062370314259928575 0.12869755616547837 -1.4875454902648926 0.05101809825618518 -0.9946616147826852 0.08969629718234404 0.20520249009132385 0.13360490527735477 -0.08220836926383404 -0.9876191134788808 -0.6586247682571411
0.9918022538821373 0.056197609234197865 0.11476113414685522 -1.539184331893921 0.05028093605925511 -0.9972840286182115 0.053818154297922235 0.2182961255311966 0.1174738977957112 -0.04760666948433029 -0.9919342157407881 -0.7255401015281677
0.9936843318645766 0.05057097231483453 0.10016998235989634 -1.5858724117279053 0.04896167577893557 -0.9986300338128332 0.018461036587841092 0.23966357111930847 0.10096634544128107 -0.01343995260822944 -0.9947990574795095 -0.7927800416946411
0.9952582045649191 0.044090169993615945 0.08670157528066003 -1.6333271265029907 0.04561681843482001 -0.9988355449992935 -0.01570541059156213 0.26008841395378113 0.0859081609749538 0.01958598876490373 -0.9961105244509781 -0.8746228218078613
0.9965742447108228 0.03622519820270105 0.07434722452269722 -1.6864838600158691 0.03984700618107323 -0.9980606777302565 -0.04782363084319844 0.2762862741947174 0.07247062078841908 0.050622313101991244 -0.9960850317812959 -0.9535183906555176
0.9976275170001531 0.029758634656264094 0.062078667733000234 -1.7313730716705322 0.0346078358451842 -0.9963084343072627 -0.07856081355436628 0.30821114778518677 0.05951163770408298 0.0805228377021458 -0.9949745914274254 -1.0370312929153442
0.9985159208613853 0.025069791351918322 0.04834729928249811 -1.762136697769165 0.030116042911634243 -0.9938410496040456 -0.10664423135488364 0.34998029470443726 0.0453759820354862 0.10794199221572957 -0.9931211137473691 -1.1289739608764648
0.9990726800725181 0.02013103594255997 0.03805944461753448 -1.7979326248168945 0.024962181390602262 -0.9910605118647092 -0.13105705369297427 0.38849782943725586 0.035080898405521005 0.13188556863561618 -0.9906439962734955 -1.217242956161499
0.9994981119297037 0.01186335417184832 0.029373203379112308 -1.8376452922821045 0.01619930345508308 -0.9882336959241729 -0.15209123843147396 0.414310097694397 0.02722327710852496 0.15249073108829472 -0.9879298912957488 -1.3212058544158936
0.9997400939408931 0.0058826865127143855 0.022025861309996744 -1.8768597841262817 0.009521538293914231 -0.9855790860689027 -0.1689473450874675 0.4532114267349243 0.02071436399148205 0.16911315473072885 -0.9853789403176063 -1.4279820919036865
0.9998992157940411 -0.0018011189123011474 0.01408240835673731 -1.9039936065673828 0.0007834888999883805 -0.983407832788176 -0.1814067820011335 0.4890795052051544 0.014175485868419066 0.18139953247328652 -0.983307309653939 -1.5399818420410156
0.9999179515791911 -0.006373339962561275 0.01111173467089866 -1.945546269416809 -0.0041720499635494 -0.9821768208868776 -0.18791297590014364 0.5327164530754089 0.012111321512389939 0.1878511992249928 -0.9821228247225272 -1.6597219705581665
0.999873288603743 -0.011571836742438836 0.01093157496166176 -1.9928638935089111 -0.009289205043473766 -0.9818060767066971 -0.18965900561656315 0.577753484249115 0.012927389775062456 0.18953342801788178 -0.981789163852094 -1.7783944606781006
0.9997492189769209 -0.01761826235331076 0.013823747201349167 -2.0445563793182373 -0.01473484827301874 -0.9823674473513327 -0.1863788685200062 0.6084321737289429 0.01686367105371819 0.18612843741910198 -0.9823806906604565 -1.9067264795303345
0.9995091514290194 -0.023369482333597445 0.020864407614438432 -2.0872292518615723 -0.01927080925103268 -0.9837214716672865 -0.17866365632539388 0.6318824887275696 0.02470004292409373 0.17817388550572671 -0.9836889622250217 -2.045990467071533
0.9992380051492874 -0.028343679284854748 0.02683365256296329 -2.0963120460510254 -0.0235209831501572 -0.9859248370191095 -0.16552636980400479 0.650842547416687 0.03114759086867797 0.16476908567276635 -0.985840238572984 -2.1882565021514893
0.9987498876429056 -0.03480328197170046 0.03588026612612535 -2.0957891941070557 -0.029077616430970718 -0.9883638225579782 -0.14930320318490967 0.6608906388282776 0.040658998462537295 0.1480732447897978 -0.9881402532138056 -2.331638813018799
0.9981162512271897 -0.039552596400978544 0.046899266029678435 -2.0847761631011963 -0.03320222233897988 -0.9910624618549513 -0.12920065454074167 0.6778014898300171 0.05159032339435561 0.1274001131080519 -0.9905087832584429 -2.4809632301330566
0.9973902712042781 -0.043342387989823164 0.05774153020483745 -2.0580127239227295 -0.03690583114151491 -0.9934419866529125 -0.10821727580598331 0.6964902281761169 0.06205325563425751 0.10580385890152544 -0.9924489593458878 -2.636713981628418
0.9964988647601541 -0.046333709790911476 0.06959310216347382 -2.02803897857666 -0.040375012074279154 -0.99558687572417 -0.08471500035877935 0.7181698083877563 0.07321113939644651 0.08160857934554289 -0.9939719155214982 -2.7906606197357178
0.9951789932371758 -0.04969182503749638 0.08455468020094671 -2.0024404525756836 -0.044829784538453855 -0.9972826209662394 -0.05846079316041013 0.7327804565429688 0.08722993659104268 0.0543883851860974 -0.9947023885158676 -2.9580154418945312
0.9936054009061562 -0.051835708634767615 0.10030636370862693 -1.978814721107483 -0.04889262871829008 -0.9983046158266365 -0.03158171743661998 0.7486892342567444 0.10177336659033791 0.026475523216030084 -0.9944552420915208 -3.1265182495117188
0.9917851111175661 -0.05100101671382644 0.11730809716159354 -1.962977647781372 -0.05116918394997892 -0.9986887499566929 -0.0015796594038298807 0.7691072225570679 0.11723484114976696 -0.004435876925128252 -0.9930943132535272 -3.3012468814849854
0.9892868857361928 -0.05044362010155095 0.1369923315424483 -1.9563113451004028 -0.05508067495476305 -0.9980229822762766 0.030269557229914992 0.7819411754608154 0.13519458922942665 -0.03749090608958078 -0.9901095166716 -3.4838051795959473
0.9865724859226196 -0.0472356964255478 0.15634423239651346 -1.9573180675506592 -0.05746842715450458 -0.9964458219051328 0.06158817977656961 0.8013523817062378 0.1528793965871429 -0.0697460607561255 -0.9857805927832791 -3.672962188720703
0.9834856777403107 -0.043531149847084984 0.1756728797301176 -1.9722169637680054 -0.06037759645762889 -0.993952773079998 0.09171930403454709 0.8198317289352417 0.17061789919490114 -0.10081132813118077 -0.9801666228732471 -3.860569715499878
0.9795914888641076 -0.03730436828849749 0.19750670634587808 -2.0199646949768066 -0.06265097019259917 -0.9903420148482939 0.12368326305586967 0.834819495677948 0.19098526351246797 -0.1335330585765845 -0.9724677636756168 -4.055340766906738
0.9754654338730098 -0.03081127294598713 0.21798590041190408 -2.096357583999634 -0.06558213342642591 -0.9858724089363595 0.15412519934539504 0.8437036275863647 0.21015749116835963 -0.16463978485611297 -0.9637051261399172 -4.239282131195068
0.9707665489342243 -0.022440307805710262 0.23897435020503957 -2.2045817375183105 -0.06826740382001323 -0.9803148060059002 0.1852631714650526 0.8442910313606262 0.23011273116890155 -0.19616144807581132 -0.9531887626502893 -4.416250228881836
0.9651071221591734 -0.012489094748511322 0.2615573842773343 -2.3376643657684326 -0.07093531020447352 -0.973982834079923 0.21523387438745836 0.8373797535896301 0.2520643261626554 -0.22627739929123233 -0.940883687841469 -4.577169895172119
0.9590481260161703 -0.0009017971825892798 0.2832417320006243 -2.4874517917633057 -0.07297698822722612 -0.9670207066599037 0.24401908138558337 0.8193285465240479 0.2736805641147272 -0.25469617125669974 -0.9274852069833905 -4.735702037811279
0.9527784052348731 0.012082888934355534 0.3034259618310404 -2.6342759132385254 -0.07379799312229823 -0.9600390145867448 0.26996100955958974 0.7886335253715515 0.29456267029142236 -0.27960524720811614 -0.9138127483267429 -4.894131183624268
0.9453257068532726 0.02446191697651319 0.32520904443172394 -2.7813665866851807 -0.07764997707868494 -0.9516228944505443 0.2972950517873582 0.7323325276374817 0.3167487790379634 -0.306293129820769 -0.8976941180616909 -5.056362628936768
0.9374000327894934 0.043198536584444176 0.34556484914299274 -2.9030416011810303 -0.07514550241302118 -0.9438111545404049 0.3218286159312171 0.6711922883987427 0.3400504844774545 -0.3276497993316502 -0.8814824314781198 -5.228095531463623
0.930276949494983 0.059015248031100684 0.3620800985115541 -2.9853532314300537 -0.07386887429270035 -0.9366281480518146 0.34244868475109885 0.5800503492355347 0.35934410618380574 -0.34531856708965986 -0.8669641864426154 -5.431941986083984
0.9219641554655805 0.07601990031273698 0.37974079421768797 -3.055767297744751 -0.0668604404592466 -0.9345772633846944 0.34942097857165244 0.48067915439605713 0.3814600602136932 -0.347543254172509 -0.8565640133352256 -5.647919654846191
0.911800543950784 0.0707020561318176 0.40450091138313593 -3.170074224472046 -0.09083997727976167 -0.925930315367452 0.3666076235041265 0.30515873432159424 0.4004595692187498 -0.3710178841272537 -0.837841192039917 -5.802549839019775
0.9030943691252081 0.08670623248479123 0.4205978955042878 -3.234025478363037 -0.08456582984392569 -0.9243218589712844 0.37212594837054475 0.20053231716156006 0.4210334676449731 -0.3716330586427457 -0.827417481593595 -6.03208065032959
0.894751537036235 0.10560313642878938 0.4338982191110006 -3.299525022506714 -0.07520533499459273 -0.9221253120323033 0.3795116157612025 0.12161135673522949 0.44018614762353264 -0.3722000624472409 -0.8171311210293143 -6.280373573303223
0.8860323565645838 0.12636285401728808 0.44607072560886085 -3.3811349868774414 -0.06315584938643264 -0.9202747649873204 0.3861420666229081 0.08339530974626541 0.45930164577202237 -0.3703063408208637 -0.8074126653322786 -6.537467002868652
0.8780699474675614 0.1451196840060007 0.45599719809261174 -3.487536907196045 -0.053366773230554145 -0.9172672139562393 0.3946806882986767 0.07983806729316711 0.47554721623543617 -0.3708923503052565 -0.7976802051046336 -6.799900054931641
0.8704601360369993 0.1636898547579379 0.4642249271848443 -3.610008955001831 -0.04269510238419439 -0.9144272842595033 0.4024920744986078 0.11176832020282745 0.4903838086671011 -0.3701734367173243 -0.7889837431443271 -7.06467342376709
0.864313680087086 0.18189532164824201 0.4689093242587538 -3.73350191116333 -0.032391797700816335 -0.9102452795150181 0.4128005602737672 0.1636195182800293 0.501908989614679 -0.37197798736364673 -0.7808455308579686 -7.322234153747559
0.8589570085440028 0.20013844348740356 0.4713146092702598 -3.8504295349121094 -0.019583937326489914 -0.9069366448245486 0.42081158690461856 0.22489944100379944 0.511673066392917 -0.37068925761725363 -0.7751000886435502 -7.569224834442139
0.8537897541195553 0.21711226929409766 0.4731863462552956 -3.96372127532959 -0.007120515143646686 -0.9039388518262598 0.42760244436054373 0.28227555751800537 0.5205692595846958 -0.3684519163757871 -0.7702277788384754 -7.807362079620361
0.8488109626499324 0.23353643889396286 0.4743212849894272 -4.071597576141357 0.005443713523384727 -0.9009653529226579 0.4338568874825266 0.3341920077800751 0.528668436421516 -0.3656804131228206 -0.7660205739991276 -8.043744087219238
0.8451032145822296 0.24816397396994766 0.47351367321992394 -4.175558090209961 0.015961284962480435 -0.8970469956889381 0.44164683278361316 0.3709011673927307 0.5343648510943888 -0.3656792714235979 -0.7620583155940089 -8.280584335327148
0.8431341874238132 0.2593284257210651 0.471034509999236 -4.267999649047852 0.025181014303494884 -0.8940939349413333 0.44717105454151435 0.387157142162323 0.5371132641406592 -0.3651640769765789 -0.7603713161147057 -8.533064842224121
0.843703109217701 0.2688639607208618 0.46462590771703116 -4.333373546600342 0.03546790002632157 -0.8915600400233583 0.4515115979698313 0.39337798953056335 0.5356370894216598 -0.36446243381045274 -0.7617480179014937 -8.78929615020752
0.8440444468541041 0.2799571890872157 0.4573980148766876 -4.385232448577881 0.04714952062157017 -0.888356991749904 0.4567261519928735 0.39580559730529785 0.5341964942227773 -0.36393107518793466 -0.7630126329705481 -9.02531623840332
0.8448178212514648 0.29190079421576914 0.4484158507815395 -4.409286022186279 0.06133875516297725 -0.8853873828325709 0.46078925707523544 0.4045881927013397 0.5315264866504632 -0.3617777061360944 -0.7658958710764285 -9.26318073272705
0.8478756145886561 0.30119398041814116 0.4363360268712459 -4.408862113952637 0.08473088207441606 -0.8893701250783979 0.4492676910717329 0.39760252833366394 0.5233809509418542 -0.3439519832446254 -0.7795956730339701 -9.505058288574219
0.8513375386877523 0.30982457009122466 0.4233593402641157 -4.376262664794922 0.1089133172038347 -0.8937820874095922 0.4350763950864359 0.3947383463382721 0.513188351930104 -0.3242873972166347 -0.7946542640983713 -9.739531517028809
0.855602894789165 0.3195447314218847 0.40722825423700276 -4.312232971191406 0.13603095534833964 -0.8978639525873862 0.41873130027641114 0.3998350203037262 0.49943895083925866 -0.3028720641866324 -0.8116829720524565 -9.962871551513672
0.8614615089553789 0.32519231316793246 0.39004362325874664 -4.226647853851318 0.16072983791036954 -0.9031852569195337 0.3980230029640275 0.3896739184856415 0.4817156711106958 -0.28018984838799077 -0.8303274420773329 -10.170358657836914
0.8684237356605009 0.3303421133492645 0.3697489736150757 -4.120981693267822 0.18577459913400524 -0.9081900122417585 0.3750715931404483 0.3776453733444214 0.45970426760914446 -0.25703110670161305 -0.8500629368050838 -10.375153541564941
0.8734167331266692 0.3394034030201053 0.34921131183383547 -4.010561466217041 0.21300194470172562 -0.9111322522016175 0.3528004968127038 0.38136693835258484 0.43791937825085947 -0.23375916883917 -0.8680917400459475 -10.556711196899414
0.8808148021903895 0.34282062814156944 0.3265567349832563 -3.894104480743408 0.23610200897919106 -0.9158857893787328 0.32466761798812904 0.3660033047199249 0.4103914297329988 -0.2088713425406068 -0.88766639942435 -10.742411613464355
0.88568977658874 0.34896765522819817 0.30622735875607476 -3.782538414001465 0.260804912841452 -0.9196384248270638 0.2936766334241798 0.3716103136539459 0.38410209200673573 -0.18024079223674894 -0.9055268299337788 -10.902181625366211
0.8915623833019418 0.35391816087492634 0.28259237796492537 -3.6607000827789307 0.2829316105856947 -0.9224719283369921 0.2626694598951615 0.36664149165153503 0.35364702799874664 -0.15423189304790624 -0.9225759062291367 -11.061483383178711
0.8975251162031888 0.35746406425124405 0.2582016819337841 -3.543407917022705 0.3027345949881049 -0.9252476518819535 0.22862315649189957 0.3636019825935364 0.32062506262274737 -0.12702844349166031 -0.9386497449859801 -11.217391014099121
0.9015330117526259 0.36363720048601283 0.23453403834611153 -3.4247026443481445 0.3237009765224083 -0.9264452353683159 0.19213772055945988 0.37096303701400757 0.2871513651694507 -0.097299600646874 -0.9529306801626651 -11.360342025756836
0.9050629451405752 0.37004392072763453 0.20959141696641242 -3.314762830734253 0.3426446153873573 -0.9264189106019394 0.1560213755392702 0.383477121591568 0.2519042136994108 -0.06939379519550794 -0.9652609845574645 -11.514269828796387
0.9075782546969866 0.3767857986389511 0.1852948287059839 -3.2263410091400146 0.36001684386222954 -0.9254044039110716 0.11838311263636178 0.39276033639907837 0.2160777261465216 -0.040732679337385225 -0.9755261478286201 -11.665112495422363
0.909491969908303 0.38355113612736713 0.16035237025912596 -3.155576467514038 0.3751811179364485 -0.9234235383600449 0.08079664316400278 0.3972223401069641 0.17906279740993286 -0.013322716615628949 -0.9837474370008334 -11.826777458190918
0.9106427521609469 0.39011805475262223 0.13615315381131082 -3.1077537536621094 0.3877216995855511 -0.920686823909172 0.044806873920561346 0.3941787779331207 0.14283438524118813 0.01198647721690584 -0.9896740184306653 -11.992269515991211
0.9100947452033393 0.39884790764619554 0.11246288863229938 -3.060866355895996 0.40043268355370826 -0.9162808498359626 0.009114283617605894 0.3985244631767273 0.10668280412158658 0.036738954668557464 -0.9936141245547073 -12.1500825881958
0.9097829779332042 0.4050677069081068 0.09063711096012769 -3.0083651542663574 0.40884424184446055 -0.9122017915667665 -0.027097552897068996 0.3798762857913971 0.07170299138542743 0.061709353282863616 -0.9955152619341362 -12.2992525100708
0.9088446324869045 0.4115528524649258 0.06801237848896809 -2.9391658306121826 0.4155816599622153 -0.907401015159225 -0.06257221101301656 0.3633953630924225 0.03596272935683888 0.0851331152724419 -0.9957203597301886 -12.444559097290039
0.9069338528566743 0.4185616620772163 0.047719195107485665 -2.877035140991211 0.4212637668660741 -0.901828958710209 -0.09613203398173721 0.34827524423599243 0.002797368112013726 0.10728776384480222 -0.9942240745731455 -12.57978343963623
0.9045646267572023 0.42532214895032594 0.02939227163524591 -2.8183228969573975 0.4254264745107845 -0.8959839564032044 -0.12737764581505465 0.33722835779190063 -0.027841530218867233 0.12772556314355202 -0.9914186954635937 -12.711991310119629
0.9026809499783004 0.43006665063710486 0.014483734188947106 -2.76131534576416 0.4267542843783239 -0.890395401501116 -0.15835659048619177 0.32289859652519226 -0.05520763815830512 0.1491264731543302 -0.9872757526109577 -12.845170974731445
0.9003032078056309 0.43526314682369915 0.0003564155179447831 -2.7088756561279297 0.42789944933747914 -0.8849214731787968 -0.1838914015492564 0.3002881705760956 -0.07972575036694635 0.16571052870653283 -0.9829465018017146 -12.954941749572754
0.8973412117454456 0.44117797608083226 -0.011863520743698931 -2.6605405807495117 0.4293214232814789 -0.8788242416639007 -0.20820919234134497 0.2919098436832428 -0.10228325969962443 0.18174142534130885 -0.9780123665374221 -13.07607364654541
0.8940816148871585 0.44733130792413994 -0.022644356286917987 -2.6093804836273193 0.43082441910648567 -0.8727163102380132 -0.22968796604547448 0.28285178542137146 -0.12250871733199156 0.19560404595873293 -0.9730008588805273 -13.177851676940918
0.8915581414148185 0.4517409564625394 -0.0324682726868006 -2.563549041748047 0.4305545018747732 -0.8676203139656414 -0.24871230711311307 0.27149826288223267 -0.14052366844172653 0.2077621213033589 -0.968033057059111 -13.283921241760254
0.8902850160196442 0.4532886454231442 -0.04384055407215069 -2.5007166862487793 0.4267369699453899 -0.8639842723498073 -0.2672578073957824 0.24784331023693085 -0.1590224787026333 0.2192272361332525 -0.9626272748081915 -13.376357078552246
0.8875785284163066 0.4579379998790437 -0.04997143345077692 -2.463096857070923 0.4274202307272753 -0.8591375796634751 -0.28141529022963385 0.2511920630931854 -0.17180309153035397 0.22841936756056236 -0.9582840342319422 -13.482027053833008
0.8868787433223186 0.4587527091900654 -0.05469960195285031 -2.4114606380462646 0.42392857893844516 -0.855133111271283 -0.29838217434479253 0.24062441289424896 -0.1836590716579376 0.24144008328832012 -0.9528777631886862 -13.577912330627441
0.8858922086816555 0.46008578986716214 -0.05929637897416677 -2.3638830184936523 0.4216733835919047 -0.8519420064709785 -0.31046155185523033 0.23705482482910156 -0.1933560243884137 0.2500317651269795 -0.9487347175370965 -13.679594039916992
0.8860695851960482 0.4592677902884299 -0.06287914593953785 -2.311370611190796 0.4175670919176665 -0.849695509511953 -0.32195537712957306 0.22212634980678558 -0.20129186257254916 0.25901860535259874 -0.9446644632583935 -13.775988578796387
0.8859027749672145 0.45862159659715385 -0.06958810559331463 -2.2416844367980957 0.4133171952970308 -0.8485248894143124 -0.33041550828649835 0.2065870761871338 -0.21058292755393276 0.2639540550533491 -0.9412667461690701 -13.882430076599121
0.8856431534360433 0.45845889715971194 -0.07383525165503102 -2.1833455562591553 0.4101241375009322 -0.846815175142387 -0.33867720765898135 0.19476550817489624 -0.21779439067840467 0.26966553128583004 -0.9380011218678544 -13.991782188415527
0.8857573092307804 0.45794044924920185 -0.07566065084102164 -2.130232334136963 0.4074814851911258 -0.8452682458782521 -0.34565941580743514 0.18072105944156647 -0.22224497378047076 0.2753400396806505 -0.9353047814364983 -14.109342575073242
0.8861798566862183 0.4567039479730877 -0.07814579649212332 -2.0672454833984375 0.4044061442805154 -0.8446978130005266 -0.3506298264270938 0.16834130883216858 -0.22614360939845302 0.2791184490819662 -0.9332480695454545 -14.22580623626709
0.8859005777604767 0.457115412839118 -0.0789028875807265 -2.013552665710449 0.4034474816723869 -0.8432147133582433 -0.3552732423197459 0.16260741651058197 -0.22893295056820262 0.2829035993427771 -0.9314264638837779 -14.346580505371094
0.8865119267745735 0.4561263112262566 -0.0777521182577117 -1.95641028881073 0.40135843315225095 -0.8416532331167418 -0.36129107838653535 0.15156859159469604 -0.23023468857668497 0.2890823816687273 -0.9292057709596583 -14.472370147705078
0.8861986423796865 0.4566195738068796 -0.07842532155385046 -1.8973608016967773 0.4008979324109914 -0.8406103713179597 -0.3642184117000056 0.148796945810318 -0.2322343945951877 0.2913293127186247 -0.9280056128698256 -14.60916519165039
0.886671606044427 0.45618642150686217 -0.0755474146967304 -1.8425960540771484 0.40033546713362045 -0.8391062929238379 -0.3682826943131052 0.1314636766910553 -0.2313978755077544 0.29630149849161685 -0.9266393285427291 -14.730883598327637
0.8862162510132183 0.45703042125904203 -0.0757888546150362 -1.7812477350234985 0.400894355682764 -0.8385466065958731 -0.368948918074369 0.13459838926792145 -0.23217336630582325 0.29658520295242075 -0.9263545462553164 -14.861907005310059
0.886446355023911 0.45680254416431837 -0.07446002491154897 -1.7172940969467163 0.40048697197032374 -0.8376908039831115 -0.3713277557686329 0.12245117127895355 -0.23199794168669613 0.2993418657106525 -0.9255114275285865 -14.997868537902832
0.8870122571462601 0.45591543698940046 -0.07314622332739634 -1.6573693752288818 0.4002848703397191 -0.8382036924980324 -0.3703870846287417 0.12046492099761963 -0.2301766240290521 0.29925855743391594 -0.9259930008121878 -15.135198593139648
0.8887996100197728 0.4527526947768628 -0.07106511521828769 -1.5973148345947266 0.39802609464488153 -0.8394437742506298 -0.3700126725581183 0.10809388756752014 -0.22717940313867235 0.3005813487962059 -0.9263046861294668 -15.26972770690918
0.8897507186550503 0.4510706979895323 -0.06984900906997586 -1.5337976217269897 0.396631928411104 -0.8397794087377756 -0.37074743158236545 0.10367085039615631 -0.22589106227938782 0.3021684465248945 -0.92610337322948 -15.409566879272461
0.8910997330484998 0.4486134760560829 -0.06846323730127694 -1.4818799495697021 0.394950540112619 -0.8409542223034354 -0.3698784487568516 0.09820903837680817 -0.22350690509611382 0.3025589943976259 -0.9265542176707493 -15.551690101623535
0.8919807554740061 0.44698226034888494 -0.0676549391945884 -1.4358168840408325 0.39435945716276893 -0.8425108021217221 -0.3669552654677393 0.09952718019485474 -0.22102251109402418 0.30063666982192044 -0.9277751033241181 -15.694828033447266
0.8934922820551263 0.4442738785676065 -0.06551536255274873 -1.4041024446487427 0.3928766994347842 -0.8439765827213899 -0.3651731464102408 0.09111122786998749 -0.2175303219074359 0.30053992852933964 -0.9286314179535531 -15.845292091369629
0.8948045700849575 0.44192379504939233 -0.0634676352499171 -1.3792853355407715 0.3916264223310944 -0.8451953413751635 -0.3636943500384184 0.08482968807220459 -0.214367737048328 0.3005797636017152 -0.9293536888751858 -16.006189346313477
0.8962655988989414 0.43924977482986566 -0.061380872771852016 -1.3640462160110474 0.38996480236507297 -0.8463870365719697 -0.3627070956561078 0.07228381931781769 -0.21127098510370884 0.3011455123936462 -0.929879535863908 -16.163209915161133
0.8978644406637137 0.4362407524142993 -0.059442847548231995 -1.3594743013381958 0.38809006824119113 -0.8479579402611483 -0.3610449147690882 0.06063615530729294 -0.2079075398444799 0.3011002116921815 -0.9306519851129849 -16.32743263244629
0.8994489352687428 0.433278317332838 -0.05710965394002314 -1.3632729053497314 0.3863486997453626 -0.8494111968772672 -0.35949311651907334 0.043538518249988556 -0.20427015212456356 0.3012814603468871 -0.9313985111660069 -16.500696182250977
0.900736758020068 0.43084964964603173 -0.05515316991242991 -1.3695486783981323 0.38496365730528664 -0.8506430268678618 -0.35806343487602876 0.027142036706209183 -0.20118716486305854 0.3012889314942949 -0.9320668991297731 -16.66666030883789
0.9016513578274432 0.42932573026979387 -0.052002367794515295 -1.3840359449386597 0.3844674366686041 -0.8508248361782427 -0.3581646105964958 0.011035684496164322 -0.1980141890607861 0.3029463904234126 -0.9322091318261285 -16.82524299621582
0.9029695273548513 0.4269315690910997 -0.04873877288123221 -1.4034494161605835 0.3833091130360314 -0.8515424004563987 -0.3577005229077607 -0.006769753992557526 -0.1942167771643008 0.3043106563010341 -0.9325635999381203 -16.978633880615234
0.9038046274428347 0.42514630441188106 -0.04886527660659443 -1.4126553535461426 0.382079643363448 -0.8530902199298419 -0.35531988797042346 -0.020730171352624893 -0.19274942682192134 0.3024693315114345 -0.9334666367657961 -17.12996482849121
0.9049757571667554 0.4228138550876372 -0.047405937248288926 -1.429823398590088 0.38043487297571027 -0.854047727215107 -0.35478414150390897 -0.03950515389442444 -0.19049458355662865 0.30303617537291 -0.9337456238456734 -17.277908325195312
0.9054852712431879 0.4219655135746992 -0.04518328136922192 -1.4477683305740356 0.38043598675549933 -0.8542940401041031 -0.35418943098852934 -0.05635139346122742 -0.18805553313587833 0.3035239667575676 -0.9340815371586847 -17.422054290771484
0.9059211655196893 0.4211118408754802 -0.044403370794478106 -1.4630956649780273 0.37997183223440884 -0.8547114686026727 -0.3536802399731832 -0.07312994450330734 -0.18689100719904617 0.3035343850596278 -0.9343118475726397 -17.562610626220703
0.907036503678765 0.4188170667759455 -0.04332488397439761 -1.4813398122787476 0.37819306972191963 -0.8556147245504065 -0.35340266714732516 -0.09681054949760437 -0.18508047711337106 0.30416394873443675 -0.9344675003881954 -17.700719833374023
0.9073398725629241 0.41826891799004867 -0.04225479737178893 -1.499516487121582 0.3778188929763621 -0.8553898070795395 -0.354346104895404 -0.11427220702171326 -0.18435628486062844 0.3055476888930146 -0.9341591781085944 -17.837087631225586
0.9086430107386163 0.41574718649507175 -0.039014817150602774 -1.5287699699401855 0.3758811575093423 -0.8550379185012433 -0.357244332851479 -0.14671483635902405 -0.18188247432146937 0.30994263154089235 -0.9331957622536693 -17.975046157836914
0.9075026067389512 0.418288429069747 -0.03839021839442404 -1.54740309715271 0.37821110815512454 -0.8534603257031977 -0.3585551981475989 -0.16094020009040833 -0.18274401886267305 0.3108701699374748 -0.9327188006108617 -18.117624282836914
0.906519949430366 0.4203563253683803 -0.03901462555964473 -1.563225507736206 0.37998410160963014 -0.8527227361885465 -0.3584355140203615 -0.17849132418632507 -0.1839392938137176 0.3101040066008676 -0.9327388923387938 -18.26694107055664
0.9069831199850051 0.41918091978552235 -0.040853109429139126 -1.5803663730621338 0.3783699622478613 -0.853580614443511 -0.35810097223379667 -0.20904117822647095 -0.18498051716550523 0.30933394759386146 -0.9327886776409651 -18.42877197265625
0.9061585357742109 0.42080680069449006 -0.04240689251532247 -1.5957436561584473 0.3792930777440723 -0.8529130792007781 -0.3587144275097903 -0.23173046112060547 -0.18711886387793053 0.3089674996136571 -0.9324835735622999 -18.59555435180664
0.9058111687458354 0.42133646946586256 -0.04451635736833723 -1.6113324165344238 0.37921090901964827 -0.8531077117932073 -0.3583382739248622 -0.25996720790863037 -0.18895823098186348 0.30770572236635413 -0.9325298790747696 -18.771589279174805
0.9053777075394742 0.42205090207283635 -0.046521422485468075 -1.6254611015319824 0.37941195673900396 -0.853326770643368 -0.3576031174176774 -0.2882847189903259 -0.19062469350544942 0.3061151067210928 -0.9327141939860717 -18.95585060119629
0.9043325520124657 0.4243083219468748 -0.04631504396249893 -1.6419968605041504 0.3813524401338108 -0.8519475604652447 -0.35882540409133035 -0.31985658407211304 -0.19171059379859318 0.3068351383788134 -0.9322549254798524 -19.144729614257812
0.903952875282785 0.4250632691194307 -0.046801885789875375 -1.6569124460220337 0.38193847602430253 -0.8517373679009104 -0.3587010686539184 -0.35420018434524536 -0.19233356389413533 0.30637342144306867 -0.9322784599212024 -19.339906692504883
0.902579351373125 0.42799833722469144 -0.046561119056227174 -1.6703267097473145 0.3848210428780207 -0.8505254752104775 -0.3584957196066139 -0.3869475722312927 -0.19303698980542922 0.3056531356797943 -0.9323694982226561 -19.542612075805664
0.901992952666119 0.42905958862002214 -0.048130891887373836 -1.6759623289108276 0.38551422804757207 -0.850569341987365 -0.3576458785503698 -0.4281449019908905 -0.19439005456437658 0.30403891837131414 -0.9326161283197179 -19.752540588378906
0.9018772362465576 0.42929295136671786 -0.04821838494935299 -1.6818567514419556 0.3861170928272748 -0.8511213217783141 -0.35567694083388257 -0.4715630114078522 -0.1937292991957718 0.3021589937784217 -0.9333642917489008 -19.968002319335938
0.9010118672137942 0.43107540082443974 -0.048493442277907084 -1.6863759756088257 0.3881165981127943 -0.8510160549045377 -0.3537473400098842 -0.5133598446846008 -0.19376047432142562 0.29990944149653825 -0.9340830827565451 -20.192604064941406
0.9007569203448894 0.43159685095367856 -0.04859144675411918 -1.685257911682129 0.3893071644118434 -0.8519274428664404 -0.3502278741457589 -0.5594397187232971 -0.1925536345759284 0.2965531829839561 -0.9354032860075293 -20.4254093170166
0.9000065182255459 0.433166680323065 -0.04852725223445209 -1.6825590133666992 0.39169282424670354 -0.8525891124081797 -0.34593140481412454 -0.5979288220405579 -0.19121976515300798 0.2923327427109873 -0.9370040389208045 -20.661340713500977
0.8979801207781151 0.4371593633605624 -0.05023339241490132 -1.6668914556503296 0.3955616694017823 -0.8519558271059811 -0.3430775923318783 -0.6070067882537842 -0.19277621323025507 0.28820645323509186 -0.9379628840877723 -20.907175064086914
0.8977409040044815 0.43764765948908446 -0.05025729221658022 -1.6595587730407715 0.3974910223882403 -0.85393545658079 -0.33584985203943335 -0.6299111247062683 -0.18990038546029298 0.2815293273140192 -0.9405738043684548 -21.15645980834961
0.8966167052004781 0.44009944290659686 -0.048897487754913344 -1.6635676622390747 0.40160251390849955 -0.8547264524098488 -0.328874006837342 -0.6214432716369629 -0.18653124343608565 0.27523657443039384 -0.9431070582484313 -21.41290855407715
0.8966798658346896 0.4399616919605156 -0.048978850679899585 -1.6639975309371948 0.40300955186762766 -0.8570923537688279 -0.32089873514001976 -0.6143806576728821 -0.18316254887431954 0.2680044901083767 -0.9458462211013013 -21.677154541015625
0.8967211357413336 0.4402672901107626 -0.045342231675319436 -1.6915409564971924 0.4060071729786646 -0.8590487118011085 -0.3117586987442828 -0.6010690331459045 -0.17620834317547357 0.26115134311617344 -0.9490788143162681 -21.950605392456055
0.8962068851310434 0.4420510674397852 -0.037470959676248666 -1.7397804260253906 0.4116256517451836 -0.8600713672171132 -0.30139934657964745 -0.5742729306221008 -0.16546160240087543 0.25469216138042433 -0.9527614397436026 -22.232879638671875
0.8931499611162526 0.4486542103194317 -0.03150470632593575 -1.7849035263061523 0.4218780050664364 -0.8600042258091984 -0.2870743465227865 -0.5172950625419617 -0.15589129481533023 0.24310929877931073 -0.9573900840555178 -22.515600204467773
0.8926209886828064 0.4500856672128367 -0.025508091510444524 -1.8311927318572998 0.42688234661551494 -0.8620815582654487 -0.2731059300832691 -0.47701796889305115 -0.1449111200390122 0.23289113136440318 -0.9616457186619444 -22.805307388305664
0.8917029110735585 0.45222284624254605 -0.01898461796381235 -1.883392095565796 0.43263936558783866 -0.8639119030594752 -0.2578360003876655 -0.43569785356521606 -0.13300036739307855 0.22169961905345323 -0.9660021641719337 -23.089632034301758
0.8916651994063678 0.4525799273616318 -0.010226510496873384 -1.951432228088379 0.43689196884278725 -0.8662345782903769 -0.24241093815000675 -0.40371400117874146 -0.11856888178723628 0.21168151719843997 -0.9701197635077285 -23.36823081970215
0.8910814463613453 0.4538309889198134 -0.0033599771780614754 -2.010913372039795 0.44149386882943814 -0.8685257378750016 -0.22526918660726467 -0.3707811236381531 -0.10515236438895592 0.1992497832991242 -0.9742907698006095 -23.647228240966797
0.8906291557497623 0.454721181078565 0.002890399104108113 -2.0673468112945557 0.4454455847713766 -0.871148565691438 -0.2065875298788311 -0.3413887321949005 -0.0914217585487858 0.18528039284356418 -0.978423854007854 -23.92714500427246
0.8898308236865291 0.45618561961529325 0.009787015559585194 -2.1426610946655273 0.4498703811884517 -0.873523217821385 -0.18594038844836758 -0.3221489191055298 -0.07627414599135007 0.16985837743009202 -0.9825122830123327 -24.197893142700195
0.8901040611110856 0.4554708309438216 0.01615804916742969 -2.227154016494751 0.45167383049385273 -0.8768390215516885 -0.16475460883170315 -0.3103419840335846 -0.06087291056424701 0.1539469143686283 -0.9862022289144429 -24.46506118774414
0.8902065284739143 0.45487178129398875 0.02497997687859941 -2.337463617324829 0.45348262108815685 -0.8795923263967259 -0.14377361272156525 -0.31003448367118835 -0.043426363345746795 0.13931619405664641 -0.9892952789941606 -24.720462799072266
0.8907499567641071 0.45336470023151454 0.03201504503714269 -2.453148365020752 0.453710857281744 -0.8828742236585663 -0.12115924720775131 -0.3183850347995758 -0.026664067758056756 0.1224481677415919 -0.9921166633553338 -24.97212791442871
0.8902440924913921 0.4537024640502255 0.04024338329379687 -2.573085069656372 0.45539865996140305 -0.8848890347536802 -0.09789513102324547 -0.33729368448257446 -0.00880433356569586 0.10547734490142331 -0.9943827298495334 -25.216880798339844
0.8894519183176443 0.45449650841600703 0.04804382206612512 -2.691758632659912 0.4569507256553263 -0.8863152004558804 -0.07510925218588949 -0.35421857237815857 0.008445076916980224 0.08875972779651436 -0.9960172646080766 -25.454830169677734
0.8887623910460244 0.4549123893464097 0.056179447143011006 -2.8072476387023926 0.45762354439533776 -0.8876121837850345 -0.05220443287126892 -0.38360369205474854 0.02611711847050071 0.07210637430562586 -0.9970549467844262 -25.69437026977539
0.8879621516659966 0.4551886320509984 0.06577633662825952 -2.924365520477295 0.4577011319223035 -0.8886213368538154 -0.029356320021073776 -0.4065219759941101 0.045087593035506655 0.05617320481936511 -0.9974024664169354 -25.93954849243164
0.8872273095777315 0.4554109075107152 0.07367907748965924 -3.028958797454834 0.45697634512424656 -0.8894646730266836 -0.00502149722895898 -0.4248432219028473 0.06324809195814468 0.03812480501985194 -0.9972693608578641 -26.182926177978516
0.8856689650092878 0.45695847681488755 0.08233732377479282 -3.1343889236450195 0.45714668094142097 -0.8892159522946711 0.017660755615891078 -0.44135594367980957 0.08128589375543459 0.021998651133637467 -0.9964480231425427 -26.419748306274414
0.8842473354412027 0.4580351545276142 0.09116165302361422 -3.238621473312378 0.45631318603808285 -0.8889131530155171 0.040145767445470014 -0.45940494537353516 0.09942296521884299 0.006099476442804591 -0.9950265676725504 -26.654056549072266
0.8825789542311012 0.45957479996428346 0.09922395268343417 -3.335965633392334 0.45563847852392964 -0.8881006278933689 0.060587553373626216 -0.47453662753105164 0.11596536740222946 -0.008263048662105723 -0.9932188860417795 -26.896568298339844
0.8816430540886975 0.45990070677275435 0.10581524033462866 -3.4257819652557373 0.4531278068356403 -0.8876259217164082 0.08243429971449764 -0.4940662384033203 0.13183594293468254 -0.024729799979336265 -0.9909630271324483 -27.131816864013672
0.88019916358164 0.4607803047315018 0.11371430517628713 -3.5191378593444824 0.45102969802588255 -0.8866880030496735 0.10176736582256346 -0.5142523050308228 0.1477215080103862 -0.0382870215520433 -0.9882876403415206 -27.364702224731445
0.8790760201699805 0.4607000656459237 0.12239607949582847 -3.6140527725219727 0.44763511766258857 -0.8860939594965387 0.1202509724656998 -0.52633136510849 0.16385405761624586 -0.050920962850162586 -0.9851694795034527 -27.595434188842773
0.8773112698797374 0.462045262199609 0.12976560184000033 -3.705117702484131 0.4455091104304812 -0.8846107985093887 0.13778740030940098 -0.5396217107772827 0.17845606816649376 -0.0630706812986537 -0.9819243967307665 -27.82495880126953
0.8768890863352136 0.4614134909615823 0.134770622261828 -3.787168502807617 0.44152683038306745 -0.8839866885506632 0.15369317654702522 -0.553943932056427 0.19005154121468332 -0.075267023482259 -0.9788847158159356 -28.055601119995117
0.8750171564929154 0.4638103947266313 0.1386538625014788 -3.8679442405700684 0.4402881539626997 -0.8815550996576857 0.1703142617270958 -0.5585055947303772 0.20122454453463332 -0.08798024784605946 -0.9755860590771965 -28.280664443969727
0.8743174824627894 0.4635259697933071 0.143918779827736 -3.9560768604278564 0.43660582758490424 -0.8806493158434846 0.18393513482557888 -0.57293301820755 0.21200068674141392 -0.09798192604545557 -0.9723452324095553 -28.505374908447266
0.8731543356783527 0.46440896339453464 0.14807370058490538 -4.0407586097717285 0.4341876765880037 -0.8790706985192407 0.1967632295526912 -0.5875353813171387 0.2215458588762279 -0.10751289096525951 -0.9692050405827894 -28.731117248535156
0.8723778071980248 0.46436639941273855 0.15271152086471723 -4.131078243255615 0.43132363581339855 -0.8782323238151659 0.206562113164357 -0.6018020510673523 0.2300366985875879 -0.1143321149225485 -0.9664425926045792 -28.95306968688965
0.8723049881794204 0.4640754344407959 0.1540064892979767 -4.20808744430542 0.42861664567225377 -0.8773074102572315 0.21591544400624807 -0.6153129935264587 0.2353120877684929 -0.1223343739769659 -0.96419008618306 -29.173513412475586
0.8281612109240102 0.5243970281040328 0.19788068535492584 -4.359181880950928 0.49092018874771987 -0.8490155812427682 0.19537121355744191 -0.540675163269043 0.27045586885993056 -0.06465523739545614 -0.9605588598709385 -29.312442779541016
0.8275446639638994 0.5252724489295425 0.19813804162865387 -4.437773704528809 0.4907011152229291 -0.8482395381374942 0.19925386184278676 -0.5370974540710449 0.2727310848873863 -0.0676649121469306 -0.9597078800344913 -29.5261173248291
0.8271383496654557 0.5259858685939539 0.19794195248145405 -4.519200325012207 0.49042465181692385 -0.8475496845961997 0.20283784910891695 -0.5348761081695557 0.27445548164129535 -0.07069935063596111 -0.9589972838421902 -29.738096237182617
0.8270473905448451 0.5263920628919191 0.1972409945152191 -4.598186492919922 0.4910587488426728 -0.8473205859838754 0.2022600547636903 -0.5336224436759949 0.27359444252036924 -0.07042173451663952 -0.9592637073973124 -29.94733238220215
0.8278713633847338 0.5255032359158369 0.1961513566853068 -4.679096221923828 0.490740601246779 -0.8479319708223026 0.20046205412834464 -0.5342747569084167 0.2716664645764214 -0.0696973593430181 -0.9598643706926296 -30.157968521118164
0.8293294657463559 0.5243643876702863 0.19301457506631475 -4.756266117095947 0.49119414769574654 -0.848828369715807 0.19549605631586192 -0.537291407585144 0.2663474169469519 -0.0673230102473981 -0.9615230968504687 -30.365909576416016
0.8306533234876458 0.5236672083219643 0.189176402088656 -4.833191871643066 0.4929426567516186 -0.8496311919655782 0.1874416570397488 -0.5337501764297485 0.2588872212635926 -0.06244591713980431 -0.96388687826891 -30.570140838623047
0.8326523242610876 0.522245563981366 0.1842543834061861 -4.90810489654541 0.4949579903410003 -0.8510294104597557 0.17540105566991115 -0.5368781089782715 0.24840832252605205 -0.05484991735915392 -0.9671012314465778 -30.76813507080078
0.8338516903032254 0.5220578953165956 0.17929560093895244 -4.986939430236816 0.4987143060571583 -0.8517455380332195 0.16066604922767028 -0.5324530601501465 0.2365912075973676 -0.04455437552146326 -0.9705871975817069 -30.97043800354004
0.8358813781101833 0.5213105251415507 0.17186523239230733 -5.058846473693848 0.502375198223333 -0.8527162282516472 0.1431579347656002 -0.5342827439308167 0.22118201088399603 -0.03332222160849304 -0.9746630944118007 -31.170007705688477
0.8376970907086193 0.5213183273841294 0.1627599021618314 -5.125940322875977 0.5073746408159466 -0.8531507082470927 0.1212635265624962 -0.5248120427131653 0.20207562464385542 -0.01900185651187264 -0.9791855653418803 -31.361751556396484
0.840792453974225 0.5192839696687377 0.15301048390577002 -5.1976494789123535 0.510457852735273 -0.8545992480154098 0.09535672956005899 -0.5219940543174744 0.18027986554492073 -0.0020698155892340947 -0.9836131790203565 -31.55938148498535
0.8425861542435626 0.5191189554858404 0.1434018226255615 -5.274805545806885 0.5151119420742392 -0.8545201713975628 0.0667455152589674 -0.5196174383163452 0.15718861221331715 0.017629144334580193 -0.9874112382692843 -31.747501373291016
0.8462759692798474 0.5165880188980474 0.13020676845097282 -5.34208345413208 0.5166990151945416 -0.8554272502150333 0.03558577365376895 -0.5347425937652588 0.12976560220815606 0.03716232393886481 -0.9908480459500424 -31.93374252319336
0.8486123670754854 0.5160206372513155 0.11653219459569197 -5.409623622894287 0.5195074957798286 -0.8544657299309203 0.0005274487569648482 -0.5364193320274353 0.09984494115934639 0.06009174905397664 -0.9931867746907027 -32.12351608276367
0.8502948530115401 0.5160696256041758 0.10329958601489977 -5.484971046447754 0.5216623344710555 -0.8524156134185837 -0.0354405247482073 -0.5413863062858582 0.06976440164075368 0.08402239897185498 -0.9940186943587742 -32.31158447265625
0.8510964406333721 0.5173637076175323 0.08927285579304356 -5.553979873657227 0.5236955782901426 -0.8486251934894906 -0.07468749730897116 -0.5410107970237732 0.03711859400028721 0.11031806295963036 -0.993202967657808 -32.495155334472656
0.8519828516129017 0.5181609755469269 0.07506280022624673 -5.622640132904053 0.523553926325086 -0.8442686095255855 -0.11446309972790844 -0.5439332723617554 0.004062854554971913 0.13682002189004241 -0.9905875906868981 -32.67414093017578
0.8527075281090171 0.5188255014285976 0.06090952777336071 -5.693445205688477 0.5216317653101323 -0.839390146977919 -0.15272354951290992 -0.5485914945602417 -0.02811001468595386 0.1620008648858132 -0.9863901595467199 -32.85426712036133
0.8527554122413685 0.5202370297941555 0.04649343742947437 -5.760043621063232 0.5187336156999182 -0.8331540089945253 -0.19175461725663867 -0.5500469207763672 -0.06102165874460615 0.18763749659197992 -0.9803410258867835 -33.028770446777344
0.851944079267985 0.5225902481323289 0.03302602545290889 -5.832763671875 0.515345126912557 -0.8256139324066355 -0.22974123439977429 -0.5464962720870972 -0.09279378194526786 0.2127464856890527 -0.9726912392220112 -33.20156478881836
0.8512780630441856 0.5244107312544828 0.017861811914765616 -5.897519588470459 0.5097925192005817 -0.8185287737279141 -0.2648060307972648 -0.5489773750305176 -0.12424671724783894 0.2345293830730298 -0.964136256827073 -33.37462615966797
0.8498928297214112 0.5269292630092709 0.005265906630269615 -5.964028358459473 0.504174611848165 -0.8102037899868457 -0.29896116714165927 -0.5500205755233765 -0.15326492996078467 0.25673988875018544 -0.9542507483720712 -33.54571533203125
0.8486761430122054 0.5288602729367455 -0.0074576129691340115 -6.034047603607178 0.49736154240675345 -0.8027676445642169 -0.3289310033663505 -0.5547015070915222 -0.179945270614989 0.27544676536508805 -0.9443245093892292 -33.70947265625
0.8462843454058836 0.5324553161230853 -0.017150599208217474 -6.111035346984863 0.49206482480092667 -0.7936138682171491 -0.3578396796989503 -0.5529389381408691 -0.20414459315536354 0.2943949124996547 -0.9336255248116089 -33.86417007446289
0.8441602764763374 0.5354658898440007 -0.02587872548960997 -6.202812671661377 0.4865898433388839 -0.7855799420534142 -0.3822230749219562 -0.5545951724052429 -0.22499722660253935 0.31006521161995493 -0.9237076445305832 -34.00420379638672
0.8431013679605871 0.5366665374213274 -0.0341922645519373 -6.2550458908081055 0.4799080636203475 -0.7795739576031063 -0.4024334666739321 -0.5659477710723877 -0.2426279740985265 0.3228830627939986 -0.9148104688653337 -33.90787887573242
0.8414782894576158 0.5387975000842365 -0.040144019161793595 -6.244274616241455 0.4756963400507643 -0.7740569163042299 -0.4177904766553378 -0.5706718564033508 -0.25617822006133334 0.3324652526574226 -0.9076560886930929 -33.74834442138672
0.8405072119392901 0.5398482137932874 -0.045951417195107175 -6.219772815704346 0.4733434271845842 -0.7729287008483804 -0.42252481979877554 -0.5742151737213135 -0.26361643844645566 0.33338435696509905 -0.9051857510543203 -33.594242095947266
0.840503215258036 0.5395595514154577 -0.04929336281137202 -6.195556640625 0.4714938785015405 -0.7732153624254022 -0.42406547353554763 -0.5786658525466919 -0.26692296206298566 0.333186875170232 -0.9042890237848836 -33.445777893066406
0.8405710505901269 0.5394362366358898 -0.04948591227731741 -6.170646667480469 0.47121358945591857 -0.7731975652049503 -0.42440932868306014 -0.5803321003913879 -0.26720415794272195 0.33342776093967497 -0.9041171750458432 -33.29881286621094
0.8422643246251095 0.5365166742264905 -0.05235136808865526 -6.1363983154296875 0.4688716176488591 -0.7770471287840991 -0.41994900382276124 -0.5893836617469788 -0.26598912313692474 0.32916199343990693 -0.9060365160673803 -33.15745544433594
0.8433994910269449 0.5349877458226865 -0.049652898757787375 -6.106475353240967 0.47251465878064336 -0.7825389301604975 -0.4054167239035362 -0.5912870764732361 -0.2557483055132577 0.31846653608004816 -0.9127824875753658 -33.02067947387695
0.8452953067271836 0.5323169476187963 -0.045983820011006704 -6.076285362243652 0.4774347601926165 -0.7911651195843248 -0.3822483529237768 -0.5894550681114197 -0.2398580709186494 0.30115846465096907 -0.922914776663726 -32.88492965698242
0.8461567693758032 0.5315734402666863 -0.03805784074988271 -6.053624153137207 0.48584707401249555 -0.7987744226504827 -0.3548408691130214 -0.582551896572113 -0.21902361131394132 0.28176071287961235 -0.9341517855062806 -32.751670837402344
0.8498320443954755 0.5261749611807381 -0.0304204954768114 -6.027115345001221 0.49057371652625237 -0.8107922321536204 -0.3193014013952485 -0.5860912203788757 -0.19267310391496323 0.25642906720143505 -0.9471648264805738 -32.623329162597656
0.8514864519003688 0.5239773849472372 -0.02045781742943445 -5.997171878814697 0.49783911713349227 -0.8200331325893081 -0.28231520488190376 -0.576954185962677 -0.16470287089746272 0.23020287035487005 -0.9591035412292631 -32.50325393676758
0.8538696451213741 0.5204143346415586 -0.008691918078448171 -5.969396591186523 0.5035017326185744 -0.830121260974678 -0.2395510328257927 -0.5748683214187622 -0.13188113735630308 0.20016895957514091 -0.9708448656877233 -32.38029861450195
0.8542269448089279 0.5198864004224482 0.0038022911770581383 -5.944101333618164 0.5108488311335655 -0.8379736352343965 -0.1919209691032241 -0.5571263432502747 -0.09659088203280394 0.16588645908524535 -0.9814030182347537 -32.264347076416016
0.8549082436014852 0.5184763273520995 0.017725490055355255 -5.921182632446289 0.5153982812579042 -0.8449462885947026 -0.14293488400819374 -0.5442069172859192 -0.059131266675271896 0.13133189774581108 -0.9895733555102733 -32.15287780761719
0.8559498814930903 0.5159984543047218 0.03309676006956936 -5.897437572479248 0.5167029508258765 -0.8512323334328543 -0.09176914038112119 -0.5439172983169556 -0.019179702286444722 0.09565097842466597 -0.9952301388857793 -32.03950119018555
0.8552812040006227 0.5159010948222345 0.04837481208713071 -5.872693061828613 0.517761048722031 -0.8545650883248551 -0.04052167620663412 -0.5393789410591125 0.020434248444902492 0.05970402145209738 -0.9980069495313845 -31.92876625061035
0.8550794505542877 0.514545468416793 0.06389126835116637 -5.8490519523620605 0.5148216988535125 -0.8571936413588194 0.013329651292927978 -0.5376038551330566 0.061625900637321936 0.02149470041081602 -0.9978678400594382 -31.82133674621582
0.8536387665611856 0.5146993158302111 0.0799091390756434 -5.827975273132324 0.5106266786888012 -0.857220876815829 0.06657900091129165 -0.5359888076782227 0.10276794848172185 -0.016030677933713777 -0.9945761741213411 -31.713916778564453
0.8511268989092355 0.5163773780456352 0.09453785165669489 -5.798858165740967 0.5055926726377774 -0.8547889694643502 0.11709768168953293 -0.5277373790740967 0.14127650663906324 -0.051867341601330816 -0.9886105034577943 -31.613372802734375
0.8481348175012859 0.5181409033369903 0.11044154848239202 -5.779994487762451 0.49818397304160944 -0.8509456182272541 0.16644603877627565 -0.5263835191726685 0.18022225263972746 -0.0861484713095029 -0.9798461004384813 -31.517993927001953
0.845301315752863 0.5192128074857804 0.12603073485944583 -5.770645618438721 0.48865312102312713 -0.8466738818143575 0.210621616098072 -0.5285789370536804 0.21606437212283536 -0.11645341727978825 -0.9694095051643676 -31.428361892700195
0.842294458146554 0.5209788654487487 0.13827894825799705 -5.755801200866699 0.478554264633201 -0.8408386938534248 0.25293498516465307 -0.5249022841453552 0.24804407184405655 -0.1468717558777099 -0.9575504298721919 -31.35726547241211
0.8389190900977851 0.5232034279848982 0.14990975023111602 -5.7393717765808105 0.4685332081867124 -0.834414606993252 0.2902221501928539 -0.5225436091423035 0.2769321091816024 -0.1732352059517582 -0.9451445235111299 -31.278764724731445
0.8355335890233041 0.5256850015930224 0.159808950669167 -5.723689556121826 0.4590669713706439 -0.8277378336289106 0.3226570851165401 -0.5226148962974548 0.30189590492489415 -0.19622782136960537 -0.9329273844786193 -31.197765350341797
0.8331700532315719 0.5269689874397668 0.1677240253356888 -5.706997871398926 0.44981048555384495 -0.8221956224376133 0.3488049390852139 -0.5255700945854187 0.3217113449723434 -0.2151698043897713 -0.9220649466252112 -31.12019157409668
0.8305750666936301 0.5294139995179796 0.17281746353088395 -5.6875386238098145 0.4432073260621938 -0.8162712415116097 0.3704976739547706 -0.5240532755851746 0.3372125808917455 -0.23113216434644468 -0.912614703964853 -31.045297622680664
0.8303517067565646 0.5285134494578894 0.1766057100678875 -5.673696994781494 0.4357914645908096 -0.8134175876985107 0.3852760405378621 -0.5311486721038818 0.3472777598353468 -0.24295135678744068 -0.9057443324464606 -30.97899627685547
0.8305540481023831 0.5274152941072272 0.1789219961953583 -5.661983489990234 0.4309260776997244 -0.8120875069405579 0.39346740224496474 -0.5367982387542725 0.3528210435037512 -0.2496937896962133 -0.9017595703113263 -30.915239334106445
0.8306439319397744 0.5274754897092522 0.17832629107233727 -5.648556232452393 0.43123091690097287 -0.8120306722583738 0.3932506625809542 -0.5366542935371399 0.3522365038441892 -0.24975146659749156 -0.9019720895305045 -30.852195739746094
0.8305046444740266 0.5279778069716974 0.17748653710190992 -5.6434102058410645 0.43227059230366943 -0.8118769575573933 0.3924257137558461 -0.5339436531066895 0.35128929749781074 -0.2491891673662953 -0.9024968633357054 -30.79615020751953
0.8312774224204509 0.5276171723561878 0.1749227441154299 -5.635924816131592 0.4344044092116193 -0.8129756127833601 0.38776727850222764 -0.5363485217094421 0.34680060010258823 -0.24635497245718635 -0.9050074979325329 -30.74690055847168
0.8320750412191374 0.5278554176346147 0.170351941151126 -5.626206874847412 0.4401587213476824 -0.8152726197852495 0.376285603564724 -0.5400687456130981 0.3375076677673317 -0.23811596650011052 -0.9107081643951448 -30.69588279724121
0.8326055551724769 0.5287019534770295 0.16505221563342903 -5.617120265960693 0.4478271012750498 -0.8179671299358571 0.3610826244893026 -0.5419774651527405 0.3259123760453372 -0.2267245437399079 -0.9178110395971564 -30.64572525024414
0.8324707068848929 0.5311332038291632 0.15776578199576544 -5.606044769287109 0.4583145970223 -0.8201041330541075 0.3426031831490445 -0.5347753763198853 0.311352296177262 -0.21290075325780222 -0.9261387676409012 -30.598779678344727
0.8334240203181984 0.5319523819052335 0.1497700428723969 -5.594814300537109 0.46799564904234825 -0.8235026788285509 0.32066089633697364 -0.5372565984725952 0.29391235910400615 -0.19715476496282996 -0.93527831356146 -30.551788330078125
0.835063609802903 0.5313768305096132 0.14250414583619286 -5.586430072784424 0.47678831748333805 -0.8282390329645146 0.29443675821033843 -0.540062665939331 0.2744843673041375 -0.17792911024215108 -0.9449865416153205 -30.505258560180664
0.836577840977137 0.5310330545265702 0.1346900552610062 -5.579602241516113 0.4859819786641801 -0.8328216158532914 0.26500881604422416 -0.5447949171066284 0.2529012305222746 -0.15624356360405273 -0.954792603884543 -30.461299896240234
0.8376517867104072 0.5316401881839858 0.12529243603888693 -5.5673675537109375 0.4958565192909552 -0.8363566569568321 0.23373885992844773 -0.5420792698860168 0.22905413442573144 -0.13366470241499073 -0.9641929012551331 -30.41481590270996
0.8391978611673724 0.5309435887966415 0.11766841261719412 -5.561425685882568 0.5036681751558557 -0.8404190550621707 0.2000354499172036 -0.5461999177932739 0.2050983158079988 -0.10860348707178188 -0.9726972619723836 -30.37266731262207
0.840694441323958 0.530277175667733 0.10972225523042495 -5.553773880004883 0.5108744762265262 -0.8438672659367911 0.1639978872444334 -0.5552276372909546 0.17955535599717093 -0.08181781252403181 -0.9803395940624412 -30.328474044799805
0.842128609740693 0.5295432318541855 0.10199691296128328 -5.545456886291504 0.5169703338372509 -0.8465587095937652 0.12680703901258986 -0.562613844871521 0.15349618427963818 -0.054058457325042476 -0.9866694505269877 -30.286067962646484
0.8433204223642672 0.5290214322803102 0.0945885268488907 -5.537134647369385 0.5221742703616381 -0.8482324717606977 0.08851951888159175 -0.5729429125785828 0.12706178259274128 -0.02525862305880397 -0.9915731467549576 -30.24574851989746
0.8437044089542183 0.5295748361178846 0.08782575511732918 -5.526057720184326 0.5272728001944772 -0.8482511863006907 0.049530991455307996 -0.5778337717056274 0.10072866764872951 0.004518615959191525 -0.9949036725349472 -30.20570182800293
0.8441671993563934 0.5297503614331183 0.08213582709307779 -5.517497539520264 0.5306815351661245 -0.8474884479196442 0.011850690970485678 -0.583629310131073 0.07588707244655574 0.03358400220690089 -0.9965506846273592 -30.16900062561035
0.8438585233699518 0.530992390052732 0.07713542793017804 -5.507422924041748 0.5340173329107099 -0.8451213885018369 -0.024399320639296576 -0.5892444849014282 0.0522329463731124 0.06178123018210675 -0.9967220269013668 -30.12759780883789
0.8434584082311811 0.5318718098192963 0.07543402086372358 -5.502092361450195 0.5363022790796848 -0.8418039809928857 -0.061203946265461426 -0.593388020992279 0.03094800539708898 0.09207842040389229 -0.995270709635256 -30.089492797851562
0.8429965767865891 0.532782139261007 0.07416173953297828 -5.49439001083374 0.537807989397401 -0.8375741520021595 -0.09608385107908861 -0.5956416130065918 0.01092419637398645 0.12088313357258891 -0.9926066340455589 -30.048583984375
0.8431380929225772 0.5326149332784074 0.07375289222611635 -5.485074043273926 0.5376554597086036 -0.8333976253116401 -0.1279648575603839 -0.5991575717926025 -0.006690508830394085 0.14754569113924298 -0.9890326112509301 -30.010234832763672
0.8425162420069594 0.5335011651543743 0.07445057913405148 -5.4749908447265625 0.5382054761039664 -0.8279649178224768 -0.15750860404092834 -0.5964792966842651 -0.02238855614311349 0.17277326654938333 -0.9847071396713252 -29.971086502075195
0.8423461046199082 0.5334616616806073 0.07662698968791723 -5.467833995819092 0.5377130778689295 -0.8223182830289267 -0.1861646778663471 -0.6019316911697388 -0.036299943806973115 0.19801842569145822 -0.9795259144945002 -29.932754516601562
0.8420149679255087 0.5336155253205332 0.07915342649750544 -5.456515312194824 0.5372135395394619 -0.8160828198203744 -0.21309726448152547 -0.6059606671333313 -0.04911625723614883 0.22195337873282686 -0.9738194344662643 -29.896562576293945
0.8414043281907262 0.5339221312937592 0.08346205255469248 -5.446910858154297 0.5370784755728446 -0.8090771607221565 -0.23862283854258953 -0.6088318228721619 -0.05987877402103202 0.24560396110914656 -0.9675191092217428 -29.861236572265625
0.8408410617867789 0.5340667177886547 0.08808546851629943 -5.439157962799072 0.5369191758407925 -0.8023250587768503 -0.2607533291698651 -0.6115005016326904 -0.06858649595748813 0.26654688332294835 -0.961378516279148 -29.82541275024414
0.840541725114041 0.5336744064147313 0.09317315214264446 -5.429344654083252 0.536475263819724 -0.7960255938774625 -0.2802455087982519 -0.6152326464653015 -0.07539164179051769 0.2855431347973852 -0.9553958438878687 -29.789701461791992
0.8397682146581285 0.53387897604763 0.0988057922605407 -5.421091079711914 0.5369018772701019 -0.7894788822495526 -0.29742136551673154 -0.6181334257125854 -0.08078192764312736 0.3028140244710124 -0.9496198959320141 -29.754039764404297
0.8392366384941814 0.5338104127556891 0.10357754506932318 -5.410386085510254 0.5370457773415109 -0.7838331559342202 -0.3117489642289976 -0.6218394041061401 -0.08522732923563323 0.3172570360004668 -0.9445021309978923 -29.719934463500977
0.8382713101515104 0.5342009764202874 0.10922695348897206 -5.402723789215088 0.5384584937519822 -0.7795179713828787 -0.32002215985376425 -0.6252170205116272 -0.08581177706595462 0.32707957607092075 -0.9410926042818791 -29.68602752685547
0.8381597519499691 0.5331846292053111 0.11490161613467884 -5.392701148986816 0.539543483358597 -0.7796616756999444 -0.31783722407865567 -0.6257210969924927 -0.07988153589182789 0.32839278710706976 -0.9411573288242583 -29.653095245361328
0.8375378651558427 0.5329545452307729 0.12037349022128234 -5.38781213760376 0.5412998762580183 -0.7793935200353308 -0.31549989681454726 -0.6261022686958313 -0.07432878576464909 0.3294012653964705 -0.9412598142712545 -29.6190185546875
0.837277937362842 0.5325304610605194 0.12400388561692731 -5.375443458557129 0.5422460176268379 -0.7795656261497573 -0.31344328178088615 -0.62846440076828 -0.07024892862713474 0.3296797575957731 -0.9414756212766916 -29.589475631713867
0.8369300636621457 0.5320643612398391 0.12827932037907966 -5.370429992675781 0.543360103973041 -0.7796380928172442 -0.3113265835721328 -0.6290753483772278 -0.06563433513705033 0.3302604422675112 -0.9416051052985988 -29.562559127807617
0.8366321926222946 0.531954840847193 0.13065458877226557 -5.366131782531738 0.5441418343201336 -0.7797210316521201 -0.30974953905062463 -0.6299511194229126 -0.06289863600057197 0.33024106361655237 -0.9417985992188969 -29.542184829711914
0.836372526478097 0.5317978623438634 0.13293618980226124 -5.363374710083008 0.5448097919427576 -0.7796670563576866 -0.3087095266327714 -0.6286179423332214 -0.06052509856195802 0.3306211046455412 -0.9418207884767824 -29.52422332763672
0.8362425962322547 0.5318769529304214 0.13343622891924486 -5.357945442199707 0.5450312040950381 -0.7794131176816611 -0.30895983322831194 -0.6296704411506653 -0.06032666748173318 0.33109228158808507 -0.9416679851536555 -29.510204315185547
0.8361913441897005 0.5319312732152552 0.1335408419840893 -5.356797218322754 0.5451188187681262 -0.7793685747009195 -0.30891762363694997 -0.6295076608657837 -0.06024540917833345 0.3311098689925369 -0.9416670034192981 -29.501184463500977
0.8366579184590424 0.5314915485079215 0.13236412408365916 -5.356461524963379 0.5442765859125303 -0.7796695463675034 -0.3096423687005569 -0.6298978328704834 -0.06137202544468128 0.3311074332172918 -0.9415951052129965 -29.495615005493164
0.8372762609836816 0.5313352929190611 0.12903979731773052 -5.355367183685303 0.5441546118561691 -0.7866196427547779 -0.2917623965284199 -0.628922700881958 -0.05351841915497313 0.3145033292843821 -0.9477465033858957 -29.493528366088867
0.8382245933791862 0.5308121083460116 0.12497214364633294 -5.357428550720215 0.5435558360654975 -0.7948234305676011 -0.26981987936378465 -0.6257933974266052 -0.04389287110039166 0.2940989966899095 -0.9547665662414832 -29.488672256469727
0.8390510504420932 0.5305398321333537 0.12050237039964601 -5.359684467315674 0.5430287331387402 -0.8030885217978359 -0.24529292925460022 -0.6247112154960632 -0.03336359899284718 0.2712495394954253 -0.9619306407354766 -29.48357582092285
0.8402910024274373 0.5299783143423644 0.11416662194493789 -5.360313415527344 0.5416443276306555 -0.8117399759249471 -0.2184024583902422 -0.6228116154670715 -0.023074955796872534 0.24535932387458242 -0.9691575458111958 -29.476160049438477
0.8415760194731382 0.5296020550301764 0.10616716420608706 -5.359358310699463 0.5399742598626417 -0.8200583935869757 -0.18955745776239308 -0.6200096011161804 -0.0133267450467308 0.21685454667901966 -0.9761129562971166 -29.468629837036133
0.8431077376151115 0.5289056304169794 0.09709879961537168 -5.357787609100342 0.5377368622403705 -0.8282635312555096 -0.1575391690343522 -0.6189281344413757 -0.0028999588633822487 0.18503609622279374 -0.9827274461076274 -29.45965003967285
0.8441990519195492 0.5287431989538296 0.08808286041112051 -5.357393741607666 0.5359699914852569 -0.8350852908496897 -0.12397066279480112 -0.612450897693634 0.008008056282743536 0.1518656859417546 -0.9883686986484408 -29.448501586914062
0.845825898503545 0.527435702049166 0.07993828634999466 -5.357752323150635 0.5330899348113707 -0.8412703512675512 -0.08988502367457789 -0.6101367473602295 0.019841139671879195 0.11864137677081361 -0.9927389147678489 -29.436609268188477
0.8473517804976344 0.5263535214908519 0.07033441903981594 -5.355649471282959 0.5301373812899115 -0.8461564012129322 -0.054531657277720684 -0.607924222946167 0.030810989055272454 0.0834944016120787 -0.996031810663132 -29.423263549804688
0.8483298786643814 0.5260214589133266 0.060314523358568954 -5.3531365394592285 0.5278046486018383 -0.8491824975926467 -0.017644792336672804 -0.6031142473220825 0.041936498179580305 0.0468028903488847 -0.9980234564254611 -29.410097122192383
0.8498054907969036 0.5246843347192472 0.050368409858310155 -5.349124431610107 0.5244458444521739 -0.8512339310747427 0.01890372513254234 -0.6001856923103333 0.052793787970556665 0.010351013827704762 -0.9985517875726119 -29.395244598388672
0.850963074939876 0.5236473626930672 0.040685189362545886 -5.346373081207275 0.5213214854265723 -0.8515270735314184 0.05590663534546243 -0.592871904373169 0.0639199023896547 -0.026364418969773276 -0.9976067178457066 -29.376800537109375
0.8517325359822255 0.5230173980876279 0.03169366572258797 -5.344091415405273 0.5186976168614902 -0.8501719100173583 0.09033551726562529 -0.5878815054893494 0.0741921115179916 -0.06050227033000606 -0.9954069549050867 -29.35765266418457
0.8522150124525352 0.5227154898045488 0.022317913632698225 -5.34219217300415 0.5164979506629387 -0.8473476232639059 0.12341747165614353 -0.5792539715766907 0.08342325522005603 -0.09365106548993962 -0.992103844575299 -29.336023330688477
0.8535388823378403 0.5208403243003853 0.014026151294643262 -5.338211536407471 0.5126802378066003 -0.8443573557634976 0.15562657077325354 -0.578049898147583 0.092899677609982 -0.12564239869862454 -0.9877163750536981 -29.31496238708496
0.8544525317763898 0.5194988493349818 0.005640609944630469 -5.332568645477295 0.5094773548837567 -0.8399961837897092 0.1866527151674353 -0.5774831175804138 0.10170396158246864 -0.1566121220032311 -0.9824097655459643 -29.293794631958008
0.8548986906985204 0.5187875700249727 -0.0027723328695687666 -5.325760841369629 0.5070594351296998 -0.8344181112353354 0.2159563494977753 -0.5778692960739136 0.10972218503067335 -0.18602653797251523 -0.9763990829993928 -29.270776748657227
0.8548155979086854 0.5188421545955317 -0.009649465616449533 -5.320595741271973 0.5055373851156186 -0.8284098642720749 0.2411826051505071 -0.5765658020973206 0.1171419900056315 -0.21104481844240808 -0.9704317795631653 -29.244962692260742
0.8546605568773378 0.5189517191589089 -0.01563475935638154 -5.314594268798828 0.5040646861596024 -0.82217515229895 0.2644745944491077 -0.5758564472198486 0.12439503480822925 -0.23391693423993778 -0.9642659089643522 -29.219480514526367
0.8543214384760631 0.5192790452906032 -0.022003474322702853 -5.30312967300415 0.5032896037467552 -0.8159630565020191 0.2844360476175921 -0.5756213068962097 0.12974765709107947 -0.2540739332280323 -0.9584424771124311 -29.192726135253906
0.8532434507928219 0.520937022378094 -0.024499640711698432 -5.303032398223877 0.5057738697539131 -0.8151252980824661 0.282424398910792 -0.5761938095092773 0.12715504847747452 -0.2533680468050689 -0.9589766558706607 -29.166635513305664
0.8514679302433857 0.5236107718974526 -0.02888119318863086 -5.293346881866455 0.5095948495522867 -0.8131654708006267 0.2812027852055842 -0.5767039060592651 0.12375561836469265 -0.25415286079552496 -0.959213672897037 -29.138776779174805
0.8494229337979395 0.5268258499729055 -0.0305810944609027 -5.289034843444824 0.5133668485401033 -0.8115224278274287 0.2790803252704823 -0.5760356187820435 0.12220948554880509 -0.2527565487448372 -0.9597806878180528 -29.108617782592773
0.8469704401435141 0.5306157596353623 -0.032984680530351904 -5.278862953186035 0.5177140969415318 -0.8090882595237463 0.2781156272647213 -0.5763588547706604 0.12088501706628614 -0.2526323493288666 -0.9599810981063435 -29.07927894592285
0.844972115695714 0.5337686876706476 -0.03336332955601725 -5.27211332321167 0.5209037498009728 -0.8072637807730743 0.2774607570364633 -0.5785441994667053 0.12116685660688889 -0.25182568636720987 -0.9601574956983303 -29.04830551147461
0.8425578250038255 0.5375953839627085 -0.03297748727254137 -5.265807628631592 0.5245761783959687 -0.8051874554014948 0.2765736696136247 -0.5815624594688416 0.12213166904739911 -0.25032851376951376 -0.9604267231859194 -29.0148983001709
0.8428845940757433 0.5370759547807792 -0.03309047999173888 -5.253223896026611 0.5240988384429012 -0.8054736096656089 0.27664538975926556 -0.5837042927742004 0.12192607847614483 -0.25052281917735275 -0.9604021805779391 -28.981847763061523
0.84297554243112 0.5369522113126834 -0.032780445838615335 -5.241789817810059 0.5237704222717201 -0.8053285108855266 0.2776878360825414 -0.5821681022644043 0.12270607000577882 -0.25125348220735105 -0.960111924757951 -28.947734832763672
0.8431094522824324 0.5368709958779617 -0.03059387613596265 -5.232298851013184 0.5229208774734532 -0.805278640523671 0.27942810706645516 -0.5846913456916809 0.12538025113394394 -0.2515866548554476 -0.9596790858012042 -28.909996032714844
0.8429606534291847 0.5372782368859135 -0.027375772847650748 -5.225416660308838 0.522153549251777 -0.8048591545683386 0.2820592354653737 -0.5859374403953552 0.1295106473384096 -0.25205919438953894 -0.9590063371791047 -28.86937141418457
0.8430829505002166 0.5372091269232073 -0.024849396899218328 -5.209843635559082 0.52111297868053 -0.8046602157258931 0.28454033225303055 -0.5872286558151245 0.1328623423945065 -0.2528404460887633 -0.9583419571296461 -28.831241607666016
0.8432627472487172 0.5371407592660753 -0.01969121219251415 -5.202340126037598 0.5192799191824364 -0.8046707175333027 0.28784266862006813 -0.5890098810195923 0.1387670877277058 -0.25295225059189363 -0.9574752499590092 -28.788127899169922
0.8438076221077059 0.5364715950231068 -0.013672037386673802 -5.191008567810059 0.5165027211515377 -0.8049570227506732 0.29200878508604733 -0.59220290184021 0.14564901618615855 -0.2534608830919203 -0.9563179099160845 -28.74574851989746
0.8446241975344442 0.5353152946456389 -0.006892043075117718 -5.1820526123046875 0.5127557757871591 -0.8051942628810593 0.29789883084754865 -0.5981727242469788 0.15392036686613292 -0.2551464958448004 -0.9545725673420091 -28.70068359375
0.8454879310107941 0.5339945182396589 -0.00011403982436189453 -5.171157360076904 0.5095084368519943 -0.8066544930152793 0.2995157452871229 -0.5988110303878784 0.15984777537308537 -0.253295052040615 -0.9540913506158717 -28.65760612487793
0.8467667965688117 0.5319229413478045 0.0066314927801360835 -5.159914970397949 0.5050903870577342 -0.8078392916585275 0.30377521254130824 -0.598132848739624 0.1669421849936709 -0.25387726034552394 -0.9527206534703603 -28.614551544189453
0.8478530219796823 0.5299934402716436 0.01588100717674866 -5.1503801345825195 0.5003684757218113 -0.8096522805353321 0.30674838732708437 -0.596310555934906 0.17543272677511262 -0.25213119182870575 -0.9516581426559041 -28.568405151367188
0.8939840909126353 0.44576357774401487 0.04568673715603612 -5.158217906951904 0.41956502540638374 -0.8684968018096006 0.2639668439449093 -0.6272593140602112 0.15734558986781205 -0.21681360197956018 -0.9634491306476951 -28.556419372558594